# This file may be used to create an environment using:
# $ conda create --name <env> --file <this file>
# platform: win-64
alpaca-py=0.30.1=pyhd8ed1ab_0
annotated-types=0.7.0=pyhd8ed1ab_0
brotli-python=1.1.0=py311hda3d55a_2
bzip2=1.0.8=h2466b09_7
ca-certificates=2024.8.30=h56e8100_0
certifi=2024.8.30=pyhd8ed1ab_0
cffi=1.17.0=py311he736701_1
charset-normalizer=3.3.2=pyhd8ed1ab_0
contourpy=1.3.0=pypi_0
cycler=0.12.1=pypi_0
fonttools=4.53.1=pypi_0
h2=4.1.0=pyhd8ed1ab_0
hpack=4.0.0=pyh9f0ad1d_0
hyperframe=6.0.1=pyhd8ed1ab_0
idna=3.8=pyhd8ed1ab_0
intel-openmp=2024.2.1=h57928b3_1083
joblib=1.4.2=pypi_0
kiwisolver=1.4.7=pypi_0
libblas=3.9.0=23_win64_mkl
libcblas=3.9.0=23_win64_mkl
libexpat=2.6.2=h63175ca_0
libffi=3.4.2=h8ffe710_5
libhwloc=2.11.1=default_h8125262_1000
libiconv=1.17=hcfcfb64_2
liblapack=3.9.0=23_win64_mkl
libsqlite=3.46.0=h2466b09_0
libxml2=2.12.7=h0f24e4e_4
libzlib=1.3.1=h2466b09_1
matplotlib=3.9.2=pypi_0
mkl=2024.1.0=h66d3029_694
msgpack-python=1.0.8=py311h3257749_0
mypy=1.11.2=pypi_0
mypy-extensions=1.0.0=pypi_0
numpy=2.1.0=py311h35ffc71_0
openssl=3.3.1=h2466b09_3
packaging=24.1=pypi_0
pandas=2.2.2=py311hcf9f919_1
pandas-stubs=2.2.2.240909=pypi_0
pillow=10.4.0=pypi_0
pip=24.2=pyh8b19718_1
pthreads-win32=2.9.1=hfa6e2cd_3
pycparser=2.22=pyhd8ed1ab_0
pydantic=2.0.3=py311ha68e1ae_0
pydantic-core=2.3.0=py311hc37eb10_0
pyparsing=3.1.4=pypi_0
pysocks=1.7.1=pyh0701188_6
python=3.11.9=h631f459_0_cpython
python-dateutil=2.9.0=pyhd8ed1ab_0
python-tzdata=2024.1=pyhd8ed1ab_0
python_abi=3.11=5_cp311
pytz=2024.1=pyhd8ed1ab_0
requests=2.32.3=pyhd8ed1ab_0
scikit-learn=1.5.1=pypi_0
scipy=1.14.1=pypi_0
setuptools=72.2.0=pyhd8ed1ab_0
six=1.16.0=pyh6c4a22f_0
sseclient-py=1.8.0=pyhd8ed1ab_0
tbb=2021.12.0=hc790b64_4
threadpoolctl=3.5.0=pypi_0
tk=8.6.13=h5226925_1
types-pytz=2024.1.0.20240417=pypi_0
typing-extensions=4.12.2=hd8ed1ab_0
typing_extensions=4.12.2=pyha770c72_0
tzdata=2024a=h8827d51_1
ucrt=10.0.22621.0=h57928b3_0
urllib3=2.2.2=pyhd8ed1ab_1
vc=14.3=h8a93ad2_20
vc14_runtime=14.40.33810=hcc2c482_20
vs2015_runtime=14.40.33810=h3bf8584_20
websockets=13.0.1=py311he736701_1
wheel=0.44.0=pyhd8ed1ab_0
win_inet_pton=1.1.0=pyhd8ed1ab_6
xz=5.2.6=h8d14728_0
zstandard=0.23.0=py311h53056dc_1
zstd=1.5.6=h0ea2cb4_0
